5 10 4
1.666 0.905 0.674 0.909 1.291 0.120
9.021 1.963 2.671 2.787 1.176 2.305
9.116 2.389 2.280 2.302 1.909 2.183
-0.367 1.619 0.974 1.627 1.364 0.833
-1.013 1.634 0.920 1.661 0.908 1.702
7.236 2.235 1.786 1.947 2.214 2.307
6.533 1.493 2.101 1.604 1.983 1.477
8.183 1.776 2.568 2.268 2.587 1.967
1.141 1.150 0.954 0.815 1.348 0.384
-1.208 1.327 1.331 1.130 1.310 0.682
2.943 1.509 4.294 5.198 -0.369 -1.315 5.333 4.118 5.847 1.148 -1.202
4.891 1.234 6.056 5.937 -1.357 -2.339 4.945 4.066 6.141 0.422 -1.822
4.750 -0.187 5.676 5.966 -2.007 -2.979 4.136 2.928 4.921 -0.984 -2.381
5.721 -0.861 6.048 6.196 -3.515 -3.904 3.460 3.869 4.934 -1.737 -3.344
